0001_0290_0110_0077_0155.jpg 1 290 110 77 155
0002_0241_0118_0104_0209.jpg 1 241 118 104 209
0003_0276_0117_0044_0088.jpg 1 276 117 44 88
0004_0297_0092_0052_0105.jpg 1 297 92 52 105
0005_0208_0168_0075_0150.jpg 1 208 168 75 150
0006_0063_0143_0082_0164.jpg 1 63 143 82 164
0007_0114_0016_0068_0136.jpg 1 114 16 68 136
0008_0264_0114_0068_0137.jpg 1 264 114 68 137
0009_0429_0144_0100_0200.jpg 1 429 144 100 200
0010_0167_0084_0027_0054.jpg 1 167 84 27 54
0001_0235_0209_0078_0157.jpg 1 235 209 78 157
0002_0480_0232_0157_0314.jpg 1 480 232 157 314
0003_0374_0056_0010_0020.jpg 1 374 56 10 20
0004_0182_0205_0013_0026.jpg 1 182 205 13 26
0005_0169_0134_0031_0062.jpg 1 169 134 31 62
0006_0097_0076_0057_0115.jpg 1 97 76 57 115
0007_0085_0096_0010_0021.jpg 1 85 96 10 21
0008_0066_0173_0072_0145.jpg 1 66 173 72 145
0009_0444_0043_0043_0086.jpg 1 444 43 43 86
0010_0256_0048_0034_0068.jpg 1 256 48 34 68
0001_0146_0012_0060_0120.jpg 1 146 12 60 120
0002_0368_0257_0055_0110.jpg 1 368 257 55 110
0003_0313_0257_0012_0024.jpg 1 313 257 12 24
0004_0055_0051_0035_0070.jpg 1 55 51 35 70
0005_0479_0114_0063_0126.jpg 1 479 114 63 126
0006_0113_0214_0046_0093.jpg 1 113 214 46 93
0007_0097_0046_0041_0082.jpg 1 97 46 41 82
0008_0037_0084_0043_0086.jpg 1 37 84 43 86
0009_0414_0234_0037_0075.jpg 1 414 234 37 75
0010_0181_0033_0050_0100.jpg 1 181 33 50 100
0001_0185_0038_0036_0072.jpg 1 185 38 36 72
0002_0171_0017_0060_0120.jpg 1 171 17 60 120
0003_0107_0058_0039_0078.jpg 1 107 58 39 78
0004_0376_0129_0068_0136.jpg 1 376 129 68 136
0005_0165_0050_0036_0072.jpg 1 165 50 36 72
0006_0232_0123_0083_0166.jpg 1 232 123 83 166
0007_0417_0088_0083_0166.jpg 1 417 88 83 166
0008_0184_0041_0015_0031.jpg 1 184 41 15 31
0009_0207_0144_0023_0046.jpg 1 207 144 23 46
0010_0066_0137_0188_0377.jpg 1 66 137 188 377
0001_0227_0077_0012_0025.jpg 1 227 77 12 25
0002_0446_0152_0087_0175.jpg 1 446 152 87 175
0003_0154_0202_0020_0040.jpg 1 154 202 20 40
0004_0242_0118_0064_0128.jpg 1 242 118 64 128
0005_0216_0072_0114_0229.jpg 1 216 72 114 229
0006_0198_0081_0042_0085.jpg 1 198 81 42 85
0007_0198_0099_0130_0260.jpg 1 198 99 130 260
0008_0196_0122_0091_0182.jpg 1 196 122 91 182
0009_0403_0144_0232_0464.jpg 1 403 144 232 464
0010_0048_0037_0054_0109.jpg 1 48 37 54 109
0001_0276_0148_0055_0111.jpg 1 276 148 55 111
0002_0406_0163_0056_0112.jpg 1 406 163 56 112
0003_0218_0053_0046_0093.jpg 1 218 53 46 93
0004_0287_0214_0056_0112.jpg 1 287 214 56 112
0005_0214_0042_0098_0196.jpg 1 214 42 98 196
0006_0046_0042_0041_0082.jpg 1 46 42 41 82
0007_0502_0049_0052_0104.jpg 1 502 49 52 104
0008_0345_0237_0013_0026.jpg 1 345 237 13 26
0009_0285_0039_0016_0032.jpg 1 285 39 16 32
0010_0146_0132_0085_0171.jpg 1 146 132 85 171
0001_0075_0137_0104_0208.jpg 1 75 137 104 208
0002_0173_0054_0056_0113.jpg 1 173 54 56 113
0003_0271_0086_0016_0033.jpg 1 271 86 16 33
0004_0221_0026_0124_0248.jpg 1 221 26 124 248
0005_0096_0216_0122_0245.jpg 1 96 216 122 245
0006_0146_0031_0066_0132.jpg 1 146 31 66 132
0007_0231_0081_0117_0234.jpg 1 231 81 117 234
0008_0028_0113_0033_0066.jpg 1 28 113 33 66
0009_0174_0108_0026_0053.jpg 1 174 108 26 53
0010_0258_0066_0093_0187.jpg 1 258 66 93 187
0001_0194_0104_0014_0029.jpg 1 194 104 14 29
0002_0058_0070_0057_0114.jpg 1 58 70 57 114
0003_0248_0251_0043_0086.jpg 1 248 251 43 86
0004_0109_0198_0025_0050.jpg 1 109 198 25 50
0005_0389_0402_0027_0054.jpg 1 389 402 27 54
0006_0086_0116_0105_0211.jpg 1 86 116 105 211
0007_0152_0018_0029_0059.jpg 1 152 18 29 59
0008_0190_0169_0073_0146.jpg 1 190 169 73 146
0009_0112_0027_0106_0213.jpg 1 112 27 106 213
0010_0156_0025_0040_0081.jpg 1 156 25 40 81
0001_0115_0042_0045_0091.jpg 1 115 42 45 91
0002_0335_0023_0106_0212.jpg 1 335 23 106 212
0003_0450_0161_0021_0042.jpg 1 450 161 21 42
0004_0402_0094_0130_0261.jpg 1 402 94 130 261
0005_0450_0030_0068_0136.jpg 1 450 30 68 136
0006_0277_0066_0045_0091.jpg 1 277 66 45 91
0007_0134_0055_0058_0116.jpg 1 134 55 58 116
0008_0409_0070_0037_0075.jpg 1 409 70 37 75
0009_0425_0078_0030_0060.jpg 1 425 78 30 60
0010_0424_0265_0016_0032.jpg 1 424 265 16 32
0001_0108_0056_0050_0101.jpg 1 108 56 50 101
0002_0353_0049_0069_0138.jpg 1 353 49 69 138
0003_0163_0147_0016_0033.jpg 1 163 147 16 33
0004_0324_0194_0051_0102.jpg 1 324 194 51 102
0005_0257_0063_0208_0416.jpg 1 257 63 208 416
0006_0495_0300_0013_0027.jpg 1 495 300 13 27
0007_0169_0095_0024_0049.jpg 1 169 95 24 49
0008_0241_0146_0023_0046.jpg 1 241 146 23 46
0009_0235_0028_0020_0040.jpg 1 235 28 20 40
0010_0079_0045_0071_0142.jpg 1 79 45 71 142
