0001_0225_0093_0011_0022.jpg 1 225 93 11 22
0002_0494_0260_0043_0086.jpg 1 494 260 43 86
0003_0245_0567_0019_0038.jpg 1 245 567 19 38
0004_0309_0085_0121_0243.jpg 1 309 85 121 243
0005_0482_0038_0033_0066.jpg 1 482 38 33 66
0001_0298_0036_0017_0035.jpg 1 298 36 17 35
0002_0185_0046_0069_0139.jpg 1 185 46 69 139
0003_0038_0042_0031_0062.jpg 1 38 42 31 62
0004_0333_0126_0233_0467.jpg 1 333 126 233 467
0005_0371_0138_0088_0176.jpg 1 371 138 88 176
0001_0179_0058_0091_0183.jpg 1 179 58 91 183
0002_0355_0126_0089_0178.jpg 1 355 126 89 178
0003_0223_0063_0125_0250.jpg 1 223 63 125 250
0004_0306_0059_0088_0176.jpg 1 306 59 88 176
0005_0363_0046_0124_0248.jpg 1 363 46 124 248
0001_0505_0154_0058_0117.jpg 1 505 154 58 117
0002_0286_0359_0124_0249.jpg 1 286 359 124 249
0003_0090_0111_0095_0191.jpg 1 90 111 95 191
0004_0112_0228_0040_0081.jpg 1 112 228 40 81
0005_0316_0134_0021_0042.jpg 1 316 134 21 42
0001_0161_0239_0056_0112.jpg 1 161 239 56 112
0002_0298_0088_0089_0179.jpg 1 298 88 89 179
0003_0501_0178_0120_0240.jpg 1 501 178 120 240
0004_0058_0100_0073_0147.jpg 1 58 100 73 147
0005_0244_0536_0056_0113.jpg 1 244 536 56 113
0001_0145_0350_0038_0077.jpg 1 145 350 38 77
0002_0562_0304_0116_0233.jpg 1 562 304 116 233
0003_0392_0032_0067_0135.jpg 1 392 32 67 135
0004_0534_0113_0120_0241.jpg 1 534 113 120 241
0005_0183_0225_0049_0099.jpg 1 183 225 49 99
0001_0235_0123_0050_0101.jpg 1 235 123 50 101
0002_0305_0057_0014_0029.jpg 1 305 57 14 29
0003_0257_0253_0010_0020.jpg 1 257 253 10 20
0004_0508_0469_0026_0052.jpg 1 508 469 26 52
0005_0148_0163_0033_0067.jpg 1 148 163 33 67
0001_0139_0020_0106_0212.jpg 1 139 20 106 212
0002_0316_0118_0086_0173.jpg 1 316 118 86 173
0003_0057_0128_0064_0129.jpg 1 57 128 64 129
0004_0265_0071_0098_0197.jpg 1 265 71 98 197
0005_0339_0060_0015_0030.jpg 1 339 60 15 30
0001_0222_0048_0117_0235.jpg 1 222 48 117 235
0002_0361_0079_0040_0080.jpg 1 361 79 40 80
0003_0159_0014_0086_0172.jpg 1 159 14 86 172
0004_0167_0035_0098_0196.jpg 1 167 35 98 196
0005_0142_0246_0015_0030.jpg 1 142 246 15 30
0001_0312_0043_0061_0122.jpg 1 312 43 61 122
0002_0350_0039_0110_0220.jpg 1 350 39 110 220
0003_0161_0060_0114_0228.jpg 1 161 60 114 228
0004_0170_0054_0027_0055.jpg 1 170 54 27 55
0005_0405_0243_0054_0108.jpg 1 405 243 54 108
